SUBRUNs with high ENTRIES = [2, 3, 4, 5, 6, 7, 8, 9, 10, 11, 12, 13, 14, 15, 16, 17, 18, 19, 20, 21, 22, 23, 24, 25, 26, 27, 29, 30, 31, 32, 33, 34, 35, 36, 37, 38, 39, 40, 41, 42, 43, 44, 45, 46, 48, 50, 51, 52, 53, 54, 55, 56, 57, 58, 59, 60, 61, 64, 67, 69, 70, 71, 72, 73, 74, 75, 76, 77, 79, 80, 81, 82, 83, 84, 85, 86, 87, 89, 90, 91, 92, 94, 95, 96, 98, 99, 100, 101, 108, 111, 115, 120, 131, 133, 135, 137, 138, 139, 146, 147]

SUBRUNs to be CUT due to holes = [20, 111, 139]

SUBRUNs to be CUT due to packets shift = [82, 42, 68, 7]

SUBRUNs GOOD (decode) = [2, 3, 4, 5, 6, 8, 9, 10, 11, 12, 13, 14, 15, 16, 17, 18, 19, 21, 22, 23, 24, 25, 26, 27, 29, 30, 31, 32, 33, 34, 35, 36, 37, 38, 39, 40, 41, 43, 44, 45, 46, 48, 50, 51, 52, 53, 54, 55, 56, 57, 58, 59, 60, 61, 64, 67, 69, 70, 71, 72, 73, 74, 75, 76, 77, 79, 80, 81, 83, 84, 85, 86, 87, 89, 90, 91, 92, 94, 95, 96, 98, 99, 100, 101, 108, 115, 120, 131, 133, 135, 137, 138, 146, 147]

SUBRUNs GOOD (event)  = [2, 3, 4, 5, 6, 7, 8, 9, 11, 12, 13, 14, 15, 17, 18, 19, 21, 22, 23, 24, 25, 26, 27, 29, 30, 31, 33, 34, 35, 36, 37, 38, 39, 40, 41, 43, 44, 45, 46, 50, 51, 52, 53, 54, 55, 56, 57, 58, 59, 60, 61, 64, 67, 69, 71, 72, 73, 74, 75, 76, 77, 79, 80, 81, 83, 84, 85, 86, 87, 89, 90, 91, 92, 94, 95, 96, 98, 100, 101, 103, 108, 109, 112, 113, 117, 118, 119, 120, 128, 129, 131, 133, 135, 136, 137, 138, 141, 144, 146, 147]

SUBRUNs HOLES (event)  = [20, 28, 68, 88, 93, 102, 104, 106, 110, 111, 114, 116, 121, 122, 123, 125, 127, 130, 139, 145, 148]

SUBRUNs LOW EVENTS (event)  = [10, 16, 31, 32, 47, 48, 49, 70, 97, 132, 142]

SUBRUNs L1TS (event)  = [42, 62, 66, 82, 99, 115, 140]

Difference between GOOD RUNS for Decode and Event: [10, 16, 32, 48, 70, 99, 115, 7, 103, 109, 112, 113, 117, 118, 119, 128, 129, 136, 141, 144]

GOOD RUNS present in Decode but not in Event: [10, 16, 32, 48, 70, 99, 115]

GOOD RUNS present in Event but not in Decode: [7, 103, 109, 112, 113, 117, 118, 119, 128, 129, 136, 141, 144]

