SUBRUNs to be CUT due to low hits = [-1, 0, 16, 23, 26, 29, 31, 40, 55, 64, 67, 72, 73, 98, 99, 120, 141, 148, 151, 165, 166, 167, 168, 169, 170, 171, 172, 176, 177, 182, 192, 199, 208, 226, 227, 228]

SUBRUNs to be CUT due to holes = [3, 5, 9, 27, 30, 66, 71, 82, 84, 90, 91, 96, 100, 106, 110, 112, 133, 135, 138, 144, 145, 146, 147, 150, 152, 154, 155, 157, 175, 185, 186, 191, 193, 194, 196, 197, 198, 200, 201, 202, 203, 204, 205, 206, 207, 209, 210, 211, 212, 213, 214, 215, 216, 217, 218, 219, 220, 221, 222, 223, 224, 225, 229, 230, 231, 232]

SUBRUNs to be CUT due to packets shift = [1, 151, 181]

SUBRUNs GOOD (decode) = [2, 4, 6, 7, 8, 10, 11, 12, 13, 14, 15, 17, 18, 19, 20, 21, 22, 24, 25, 28, 32, 33, 34, 35, 36, 37, 38, 39, 41, 42, 43, 44, 45, 46, 47, 48, 49, 50, 51, 52, 53, 54, 56, 57, 58, 59, 60, 61, 62, 63, 65, 68, 69, 70, 74, 75, 76, 77, 78, 79, 80, 81, 83, 85, 86, 87, 88, 89, 92, 93, 94, 95, 97, 101, 102, 103, 104, 105, 107, 108, 109, 111, 113, 114, 115, 116, 117, 118, 119, 121, 122, 123, 124, 125, 126, 127, 128, 129, 130, 131, 132, 134, 136, 137, 139, 140, 142, 143, 149, 153, 156, 158, 159, 160, 161, 162, 163, 164, 173, 174, 178, 179, 180, 183, 184, 187, 188, 189, 190, 195]

SUBRUNs GOOD (event)  = [2, 4, 6, 7, 8, 10, 11, 12, 13, 14, 15, 17, 18, 19, 20, 21, 22, 24, 25, 28, 32, 33, 34, 35, 36, 37, 38, 39, 41, 42, 43, 44, 45, 46, 47, 48, 49, 50, 51, 52, 53, 54, 56, 57, 58, 59, 60, 61, 62, 63, 65, 68, 69, 70, 74, 75, 76, 77, 78, 79, 80, 81, 83, 85, 86, 87, 88, 89, 92, 93, 94, 95, 97, 101, 102, 104, 105, 107, 108, 109, 111, 113, 114, 115, 116, 117, 118, 121, 122, 123, 124, 125, 126, 127, 128, 129, 130, 131, 132, 134, 136, 137, 139, 140, 142, 143, 149, 158, 159, 160, 161, 162, 163, 164, 173, 174, 178, 179, 180, 184, 195]

SUBRUNs LOW EVENTS (event)  = [103, 119, 153, 156, 183, 187, 188, 189, 190]

SUBRUNs HOLES (event)  = [3, 5, 9, 16, 23, 27, 29, 30, 31, 64, 66, 71, 82, 84, 90, 91, 96, 100, 106, 110, 112, 120, 133, 135, 138, 144, 145, 146, 147, 148, 150, 151, 152, 154, 155, 157, 165, 166, 167, 170, 175, 176, 182, 185, 186, 191, 193, 194, 196, 197, 198, 200, 201, 202, 203, 204, 205, 206, 207, 209, 210, 211, 212, 213, 214, 215, 216, 217, 218, 219, 220, 221, 222, 223, 224, 225, 228, 229, 230, 231, 232]

SUBRUNs L1TS (event)  = [1, 181]



Difference between GOOD subRUNs for Decode and Event: [103, 119, 153, 156, 183, 187, 188, 189, 190]

GOOD subRUNs present in Decode but not in Event: [103, 119, 153, 156, 183, 187, 188, 189, 190]
103 --> LOW_EVENTS
119 --> LOW_EVENTS
153 --> LOW_EVENTS
156 --> LOW_EVENTS
183 --> LOW_EVENTS
187 --> LOW_EVENTS
188 --> LOW_EVENTS
189 --> LOW_EVENTS
190 --> LOW_EVENTS


GOOD subRUNs present in Event but not in Decode: []
