SUBRUNs with high ENTRIES = [1, 2, 3, 4, 5, 6, 7, 8, 9, 10, 11, 12, 13, 14, 16, 17, 18, 19, 20, 21, 22, 23, 24, 25, 27, 28, 31, 32, 33, 34, 35, 36, 37, 38, 39, 40, 41, 42, 47, 48, 49, 50, 51, 52, 53, 54, 55, 56, 57, 58, 59, 60, 61, 64, 65, 66, 67, 68, 69, 70, 71, 73, 74, 75, 77, 78, 79, 80, 81, 82, 83, 84, 85, 87, 88, 89, 90, 91, 92, 93, 94, 95, 96, 97, 99, 100, 101, 102, 103, 105, 106, 108, 109, 110, 111, 112, 113, 114, 115, 119, 120, 121, 122, 123, 124, 125, 126, 127, 128, 129, 130, 131, 132, 133, 134, 135, 136, 137, 138, 139, 140, 141, 142, 143, 144, 145, 147, 148, 150, 151, 152, 153, 154, 155, 156, 157, 158, 159, 160, 161, 162, 163, 164, 165, 167, 168, 169, 170, 171, 172, 174, 175, 176, 178, 179, 180, 181, 182, 184, 185, 186, 187, 188, 189, 190, 191, 192]

SUBRUNs to be CUT due to holes = [11, 23, 27, 32, 48, 60, 83, 91, 99, 122, 144, 150, 153, 174, 178, 191, 192]

SUBRUNs to be CUT due to packets shift = [1, 99, 141, 147, 171]

SUBRUNs GOOD (decode) = [2, 3, 4, 5, 6, 7, 8, 9, 10, 12, 13, 14, 16, 17, 18, 19, 20, 21, 22, 24, 25, 28, 31, 33, 34, 35, 36, 37, 38, 39, 40, 41, 42, 47, 49, 50, 51, 52, 53, 54, 55, 56, 57, 58, 59, 61, 64, 65, 66, 67, 68, 69, 70, 71, 73, 74, 75, 77, 78, 79, 80, 81, 82, 84, 85, 87, 88, 89, 90, 92, 93, 94, 95, 96, 97, 100, 101, 102, 103, 105, 106, 108, 109, 110, 111, 112, 113, 114, 115, 119, 120, 121, 123, 124, 125, 126, 127, 128, 129, 130, 131, 132, 133, 134, 135, 136, 137, 138, 139, 140, 142, 143, 145, 148, 151, 152, 154, 155, 156, 157, 158, 159, 160, 161, 162, 163, 164, 165, 167, 168, 169, 170, 172, 175, 176, 179, 180, 181, 182, 184, 185, 186, 187, 188, 189, 190]

SUBRUNs GOOD (event)  = [2, 3, 4, 5, 6, 7, 8, 9, 10, 12, 13, 14, 16, 17, 18, 19, 20, 21, 22, 24, 25, 28, 31, 33, 34, 35, 36, 37, 38, 39, 40, 41, 42, 47, 49, 50, 51, 52, 53, 54, 55, 56, 57, 58, 59, 61, 64, 65, 66, 67, 68, 70, 71, 73, 74, 75, 77, 78, 79, 80, 81, 82, 84, 85, 87, 88, 89, 90, 92, 93, 94, 95, 96, 97, 100, 101, 102, 103, 105, 106, 108, 109, 110, 111, 112, 113, 114, 115, 119, 120, 121, 123, 124, 125, 126, 127, 128, 129, 130, 131, 132, 133, 134, 135, 136, 137, 138, 139, 140, 142, 143, 148, 151, 152, 154, 155, 156, 157, 158, 159, 160, 161, 162, 163, 164, 165, 167, 168, 169, 172, 175, 176, 179, 180, 181, 182, 184, 185, 186, 187, 188, 189, 190]

SUBRUNs HOLES (event)  = [11, 15, 23, 26, 27, 29, 32, 43, 46, 48, 60, 63, 72, 76, 83, 91, 98, 99, 107, 122, 144, 150, 153, 166, 174, 178, 191, 192]

SUBRUNs LOW EVENTS (event)  = [69, 86, 104, 145, 193]

SUBRUNs L1TS (event)  = [1, 141, 147, 170, 171]

Difference between GOOD RUNS for Decode and Event: [69, 145, 170]

GOOD RUNS present in Decode but not in Event: [69, 145, 170]

GOOD RUNS present in Event but not in Decode: []

