SUBRUNs with high ENTRIES = [3, 4, 5, 7, 8, 9, 10, 11, 12, 13, 15, 16, 17, 18, 20, 21, 22, 24, 25, 26, 29, 32, 33, 34, 35, 36, 37, 38, 40, 41, 42, 43, 45, 46, 47, 48, 49, 50, 51, 52, 53, 55, 56, 57, 58, 59, 60, 61, 62, 63, 64, 65, 66, 67, 68, 69, 70, 71, 72, 73, 74, 75, 76, 79, 80, 81, 82, 83, 85, 86, 87, 88, 89, 91, 92, 93, 94, 95, 98, 100, 101, 103, 104, 105, 106, 107, 108, 109, 110, 111, 112, 113, 114, 115, 116, 117, 118, 121]

SUBRUNs to be CUT due to holes = [34, 49, 53, 82, 106, 115]

SUBRUNs to be CUT due to packets shift = [15, 105]

SUBRUNs GOOD (decode) = [3, 4, 5, 7, 8, 9, 10, 11, 12, 13, 16, 17, 18, 20, 21, 22, 24, 25, 26, 29, 32, 33, 35, 36, 37, 38, 40, 41, 42, 43, 45, 46, 47, 48, 50, 51, 52, 55, 56, 57, 58, 59, 60, 61, 62, 63, 64, 65, 66, 67, 68, 69, 70, 71, 72, 73, 74, 75, 76, 79, 80, 81, 83, 85, 86, 87, 88, 89, 91, 92, 93, 94, 95, 98, 100, 101, 103, 104, 107, 108, 109, 110, 111, 112, 113, 114, 116, 117, 118, 121]

SUBRUNs GOOD (event)  = [3, 4, 5, 7, 8, 10, 11, 13, 16, 17, 18, 20, 21, 22, 24, 25, 26, 29, 32, 33, 35, 36, 37, 38, 40, 41, 42, 43, 45, 46, 48, 51, 52, 55, 56, 57, 58, 59, 60, 61, 63, 64, 66, 67, 68, 69, 70, 71, 72, 73, 74, 75, 76, 79, 80, 81, 83, 85, 86, 88, 91, 92, 93, 94, 95, 98, 100, 101, 103, 104, 108, 109, 111, 112, 113, 116, 117, 118, 121]

SUBRUNs HOLES (event)  = [1, 6, 19, 30, 31, 34, 39, 44, 49, 53, 77, 78, 82, 90, 106, 115, 119, 120, 122]

SUBRUNs LOW EVENTS (event)  = [1, 6, 9, 19, 30, 31, 39, 44, 47, 48, 49, 62, 65, 70, 77, 78, 82, 87, 90, 107, 110, 119, 120, 122]

SUBRUNs L1TS (event)  = [9, 12, 15, 47, 50, 89, 105, 107, 114]

Difference between GOOD RUNS for Decode and Event: [9, 12, 47, 50, 62, 65, 87, 89, 107, 110, 114]

GOOD RUNS present in Decode but not in Event: [9, 12, 47, 50, 62, 65, 87, 89, 107, 110, 114]

GOOD RUNS present in Event but not in Decode: []

