SUBRUNs to be CUT due to low hits = [-1, 0, 1, 2, 6, 14, 19, 23, 27, 28, 30, 31, 39, 44, 54, 77, 78, 84, 90, 96, 97, 99, 102, 119, 120, 122]

SUBRUNs to be CUT due to holes = [34, 49, 53, 82, 106, 115]

SUBRUNs to be CUT due to packets shift = [15, 105]

SUBRUNs GOOD (decode) = [3, 4, 5, 7, 8, 9, 10, 11, 12, 13, 16, 17, 18, 20, 21, 22, 24, 25, 26, 29, 32, 33, 35, 36, 37, 38, 40, 41, 42, 43, 45, 46, 47, 48, 50, 51, 52, 55, 56, 57, 58, 59, 60, 61, 62, 63, 64, 65, 66, 67, 68, 69, 70, 71, 72, 73, 74, 75, 76, 79, 80, 81, 83, 85, 86, 87, 88, 89, 91, 92, 93, 94, 95, 98, 100, 101, 103, 104, 107, 108, 109, 110, 111, 112, 113, 114, 116, 117, 118, 121]

SUBRUNs GOOD (event)  = [3, 4, 5, 7, 8, 10, 11, 12, 13, 16, 17, 18, 20, 21, 22, 24, 25, 26, 29, 32, 33, 35, 36, 37, 38, 40, 41, 42, 43, 45, 46, 48, 50, 51, 52, 55, 56, 57, 58, 59, 60, 61, 63, 64, 66, 67, 68, 69, 70, 71, 72, 73, 74, 75, 76, 79, 80, 81, 83, 85, 86, 88, 89, 91, 92, 93, 94, 95, 98, 100, 101, 103, 104, 107, 108, 109, 111, 112, 113, 114, 116, 117, 118, 121]

SUBRUNs LOW EVENTS (event)  = [9, 47, 62, 65, 87, 110]

SUBRUNs HOLES (event)  = [1, 6, 19, 30, 31, 34, 39, 44, 49, 53, 77, 78, 82, 90, 106, 115, 119, 120, 122]

SUBRUNs L1TS (event)  = [15, 105]



Difference between GOOD subRUNs for Decode and Event: [9, 47, 62, 65, 87, 110]

GOOD subRUNs present in Decode but not in Event: [9, 47, 62, 65, 87, 110]
9 --> LOW_EVENTS
47 --> LOW_EVENTS
62 --> LOW_EVENTS
65 --> LOW_EVENTS
87 --> LOW_EVENTS
110 --> LOW_EVENTS


GOOD subRUNs present in Event but not in Decode: []
