SUBRUNs with high ENTRIES = [3, 4, 5, 6, 7, 8, 9, 10, 11, 12, 13, 14, 15, 16, 17, 18, 19, 20, 21, 22, 23, 25, 26, 28, 30, 31, 32, 33, 34, 35, 36, 37, 39, 40, 41, 42, 43, 44, 45, 46, 47, 48, 49, 50, 51, 52, 53, 54, 55, 56, 57, 58, 59, 60, 61, 62, 63, 64, 65, 66, 67, 68, 69, 70, 71, 73, 74, 75, 76, 77, 78, 79, 80, 81, 82, 83, 84, 85, 86, 87, 88, 90, 91, 92, 93, 94, 95, 96, 97, 98, 99, 100, 101, 102, 103, 104, 105, 106, 107, 108, 109, 110, 112, 113, 114, 115, 117, 118, 119, 120, 121, 122, 123, 124, 125, 126, 127, 128, 129, 130, 132, 133, 134, 135, 136, 137, 138, 139, 141, 142, 143, 144, 145, 146, 147, 148, 150, 151, 152, 153, 154, 156, 157, 158, 159, 160, 161, 162, 163, 164, 165, 199, 260, 262, 274, 276, 290, 291]

SUBRUNs to be CUT due to holes = [19, 43, 44, 71, 91, 108, 130]

SUBRUNs to be CUT due to packets shift = [235, 244, 168, 169, 92, 167]

SUBRUNs GOOD (decode) = [3, 4, 5, 6, 7, 8, 9, 10, 11, 12, 13, 14, 15, 16, 17, 18, 20, 21, 22, 23, 25, 26, 28, 30, 31, 32, 33, 34, 35, 36, 37, 39, 40, 41, 42, 45, 46, 47, 48, 49, 50, 51, 52, 53, 54, 55, 56, 57, 58, 59, 60, 61, 62, 63, 64, 65, 66, 67, 68, 69, 70, 73, 74, 75, 76, 77, 78, 79, 80, 81, 82, 83, 84, 85, 86, 87, 88, 90, 93, 94, 95, 96, 97, 98, 99, 100, 101, 102, 103, 104, 105, 106, 107, 109, 110, 112, 113, 114, 115, 117, 118, 119, 120, 121, 122, 123, 124, 125, 126, 127, 128, 129, 132, 133, 134, 135, 136, 137, 138, 139, 141, 142, 143, 144, 145, 146, 147, 148, 150, 151, 152, 153, 154, 156, 157, 158, 159, 160, 161, 162, 163, 164, 165, 199, 260, 262, 274, 276, 290, 291]

SUBRUNs GOOD (event)  = [3, 4, 5, 6, 7, 8, 9, 10, 11, 12, 13, 14, 15, 16, 17, 18, 20, 21, 22, 23, 25, 26, 28, 30, 31, 32, 33, 34, 35, 36, 37, 39, 41, 42, 45, 46, 47, 48, 49, 50, 51, 52, 53, 54, 55, 56, 57, 58, 59, 60, 61, 62, 63, 64, 65, 66, 67, 68, 69, 70, 73, 74, 75, 77, 78, 79, 80, 81, 82, 83, 84, 85, 86, 88, 90, 93, 94, 95, 96, 97, 98, 99, 100, 101, 102, 103, 104, 105, 106, 107, 109, 110, 112, 113, 114, 115, 117, 118, 119, 120, 121, 122, 123, 124, 125, 126, 127, 128, 129, 132, 133, 134, 135, 136, 137, 138, 139, 141, 142, 143, 144, 145, 146, 147, 148, 150, 151, 152, 153, 154, 156, 157, 158, 159, 160, 161, 162, 163, 164, 165]

SUBRUNs HOLES (event)  = [1, 19, 43, 44, 71, 72, 91, 108, 130, 167, 175, 187, 188, 191, 192, 204, 205, 210, 244, 245, 250, 258]

SUBRUNs LOW EVENTS (event)  = [24, 27, 76, 87, 111, 131, 140, 149, 155, 173, 179, 180, 181, 182, 183, 184, 185, 186, 189, 190, 195, 196, 197, 198, 199, 202, 203, 207, 209, 212, 213, 214, 215, 216, 217, 218, 219, 221, 222, 223, 224, 226, 227, 228, 229, 231, 234, 236, 238, 241, 242, 243, 249, 252, 253, 254, 255, 256, 257, 259, 260, 261, 262, 263, 264, 265, 267, 268, 269, 270, 271, 272, 273, 274, 275, 276, 277, 279, 280, 281, 282, 283, 284, 285, 286, 287, 288, 289, 290, 291, 292, 293, 294, 295, 297, 298, 299, 300, 301, 302, 304, 305, 306, 307, 308, 309, 310]

SUBRUNs L1TS (event)  = [29, 40, 89, 92, 168, 169, 194, 225, 230, 232, 233, 235, 303]

Difference between GOOD RUNS for Decode and Event: [40, 76, 87, 199, 260, 262, 274, 276, 290, 291]

GOOD RUNS present in Decode but not in Event: [40, 76, 87, 199, 260, 262, 274, 276, 290, 291]

GOOD RUNS present in Event but not in Decode: []

