SUBRUNs with high ENTRIES = [1, 2, 3, 5, 6, 8, 10, 12, 13, 14, 15, 17, 18, 20, 21, 23, 25, 26, 27, 28, 29, 30, 32, 33, 34, 35, 36, 37, 39, 40, 41, 42, 43, 44, 45, 46, 47, 48, 49, 50, 51, 52, 53, 54, 56, 57, 58, 59, 60, 61, 63, 64, 65, 66, 67, 68, 69, 70, 71, 73, 74, 76, 77, 78, 79, 80, 81, 82, 83, 84, 85, 86, 87, 88, 89, 90, 91, 92, 93, 95, 96, 97, 99, 103, 104, 105, 106, 107, 108, 109, 110, 111, 114, 115, 116, 118, 119, 120, 121, 122, 123, 124, 125, 126, 127, 128, 129, 130, 132, 133, 134, 135, 137, 138, 139, 140, 141, 142, 143, 145, 146, 147, 148, 149, 150, 151, 152, 153, 154, 156, 157, 158, 159, 160, 161, 162, 164, 165, 166, 167, 168, 169, 170, 171, 172, 173, 174, 175, 176, 178, 179, 180, 181, 182, 183, 184, 186, 187, 189, 190, 192, 193, 195, 196, 197, 199, 200, 201, 202, 204, 205, 206, 207, 208, 209, 210, 213, 214, 215, 216, 217, 218, 221, 222, 223, 224, 225, 226, 227, 228, 229, 230, 231, 232, 233, 234, 235, 236, 237, 238, 240, 241, 242, 244, 245, 246, 247, 248, 249, 250, 251, 252, 253, 255, 258, 260, 261, 264, 265, 266, 267, 268, 270, 271, 274, 275, 276, 277, 278, 279, 280, 281, 282, 283, 285, 286, 287, 288, 289, 290, 291, 292, 293, 294, 295, 297, 298, 299, 301, 302, 303, 304, 306, 308, 310, 311, 312, 313, 314, 315, 316, 317, 318, 319, 320, 321, 322, 323, 324, 325, 326, 327, 328, 329, 330, 331, 332, 333, 334, 335, 336, 337, 338, 339, 340, 341, 342, 343, 346, 348, 349, 350, 352, 353, 354, 355, 357, 358, 359, 360, 361, 363, 364, 365, 367, 368, 369, 370, 371, 372, 373, 374, 375, 376, 377, 378, 379, 380, 381, 383, 384, 386, 387, 389, 390, 391, 392, 393, 394, 395, 396, 398, 399, 400, 401, 402, 403, 404]

SUBRUNs to be CUT due to holes = [5, 20, 28, 65, 96, 120, 129, 139, 145, 183, 184, 186, 189, 190, 192, 193, 242, 283, 292, 312, 321, 322, 331, 350, 402]

SUBRUNs to be CUT due to packets shift = [1, 44, 68, 90, 94, 140, 282, 349, 354, 378, 404, 405]

SUBRUNs GOOD (decode) = [2, 3, 6, 8, 10, 12, 13, 14, 15, 17, 18, 21, 23, 25, 26, 27, 29, 30, 32, 33, 34, 35, 36, 37, 39, 40, 41, 42, 43, 45, 46, 47, 48, 49, 50, 51, 52, 53, 54, 56, 57, 58, 59, 60, 61, 63, 64, 66, 67, 69, 70, 71, 73, 74, 76, 77, 78, 79, 80, 81, 82, 83, 84, 85, 86, 87, 88, 89, 91, 92, 93, 95, 97, 99, 103, 104, 105, 106, 107, 108, 109, 110, 111, 114, 115, 116, 118, 119, 121, 122, 123, 124, 125, 126, 127, 128, 130, 132, 133, 134, 135, 137, 138, 141, 142, 143, 146, 147, 148, 149, 150, 151, 152, 153, 154, 156, 157, 158, 159, 160, 161, 162, 164, 165, 166, 167, 168, 169, 170, 171, 172, 173, 174, 175, 176, 178, 179, 180, 181, 182, 187, 195, 196, 197, 199, 200, 201, 202, 204, 205, 206, 207, 208, 209, 210, 213, 214, 215, 216, 217, 218, 221, 222, 223, 224, 225, 226, 227, 228, 229, 230, 231, 232, 233, 234, 235, 236, 237, 238, 240, 241, 244, 245, 246, 247, 248, 249, 250, 251, 252, 253, 255, 258, 260, 261, 264, 265, 266, 267, 268, 270, 271, 274, 275, 276, 277, 278, 279, 280, 281, 285, 286, 287, 288, 289, 290, 291, 293, 294, 295, 297, 298, 299, 301, 302, 303, 304, 306, 308, 310, 311, 313, 314, 315, 316, 317, 318, 319, 320, 323, 324, 325, 326, 327, 328, 329, 330, 332, 333, 334, 335, 336, 337, 338, 339, 340, 341, 342, 343, 346, 348, 352, 353, 355, 357, 358, 359, 360, 361, 363, 364, 365, 367, 368, 369, 370, 371, 372, 373, 374, 375, 376, 377, 379, 380, 381, 383, 384, 386, 387, 389, 390, 391, 392, 393, 394, 395, 396, 398, 399, 400, 401, 403]

SUBRUNs GOOD (event)  = [2, 3, 6, 8, 12, 13, 14, 15, 17, 18, 21, 23, 25, 26, 27, 29, 30, 32, 33, 34, 35, 36, 37, 39, 40, 41, 42, 44, 45, 46, 47, 48, 49, 50, 51, 53, 54, 56, 57, 58, 59, 60, 61, 63, 64, 66, 69, 71, 73, 74, 76, 77, 78, 80, 82, 83, 84, 85, 86, 87, 88, 89, 91, 92, 93, 95, 97, 99, 103, 104, 105, 106, 107, 109, 110, 111, 114, 115, 118, 119, 121, 122, 123, 124, 125, 126, 127, 128, 130, 132, 133, 134, 135, 137, 138, 141, 142, 143, 146, 147, 148, 149, 150, 152, 153, 154, 156, 157, 159, 160, 161, 162, 164, 165, 166, 167, 169, 171, 173, 174, 175, 176, 178, 179, 181, 182, 187, 195, 196, 197, 199, 200, 201, 202, 205, 206, 207, 208, 209, 210, 214, 215, 217, 218, 221, 222, 223, 224, 225, 226, 227, 228, 229, 230, 231, 232, 233, 234, 235, 236, 237, 238, 240, 241, 244, 245, 246, 247, 249, 250, 251, 255, 260, 261, 264, 265, 266, 267, 268, 271, 274, 275, 276, 277, 278, 279, 280, 281, 285, 286, 288, 289, 290, 291, 293, 294, 295, 297, 298, 299, 301, 302, 303, 306, 308, 310, 311, 313, 314, 315, 316, 318, 319, 320, 323, 324, 326, 327, 328, 329, 330, 332, 333, 334, 335, 336, 338, 339, 340, 341, 342, 343, 346, 348, 349, 352, 353, 355, 357, 358, 359, 360, 361, 363, 364, 367, 368, 369, 370, 372, 374, 375, 376, 379, 380, 381, 383, 384, 386, 387, 389, 390, 391, 392, 393, 394, 395, 396, 398, 399, 400, 403]

SUBRUNs HOLES (event)  = [5, 20, 24, 28, 65, 94, 96, 100, 113, 120, 129, 131, 139, 145, 155, 177, 183, 184, 186, 188, 189, 190, 192, 193, 194, 212, 242, 243, 257, 262, 263, 272, 283, 292, 296, 300, 309, 312, 321, 322, 331, 345, 350, 362, 402]

SUBRUNs LOW EVENTS (event)  = [4, 7, 9, 16, 55, 75, 102, 158, 180, 198, 259, 269, 307, 337, 366]

SUBRUNs L1TS (event)  = [1, 10, 19, 22, 31, 43, 52, 67, 68, 70, 79, 81, 90, 108, 116, 140, 151, 168, 170, 172, 185, 204, 211, 213, 216, 248, 252, 253, 258, 270, 282, 287, 304, 317, 325, 354, 365, 371, 373, 377, 378, 401, 404, 405]

Difference between GOOD RUNS for Decode and Event: [10, 43, 52, 67, 70, 79, 81, 108, 116, 151, 158, 168, 170, 172, 180, 204, 213, 216, 248, 252, 253, 258, 270, 287, 304, 317, 325, 337, 365, 371, 373, 377, 401, 44, 349]

GOOD RUNS present in Decode but not in Event: [10, 43, 52, 67, 70, 79, 81, 108, 116, 151, 158, 168, 170, 172, 180, 204, 213, 216, 248, 252, 253, 258, 270, 287, 304, 317, 325, 337, 365, 371, 373, 377, 401]

GOOD RUNS present in Event but not in Decode: [44, 349]

