SUBRUNs with high ENTRIES = [2, 3, 5, 6, 7, 8, 10, 11, 12, 13, 14, 15, 16, 17, 18, 19, 20, 21, 22, 23, 24, 25, 26, 27, 29, 30, 31, 33, 34, 35, 36, 37, 38, 39, 40, 41, 42, 43, 45, 46, 49, 55, 56, 57, 58, 60, 61, 62, 63, 64, 65, 66, 67, 68, 69, 70, 71, 72, 73, 74, 75, 76, 77, 78, 79, 80, 82, 84, 85, 86, 87, 88, 89, 90, 91, 92, 93, 94, 95, 96, 98, 99, 100, 101, 103, 104, 106, 108, 109, 110, 111, 112, 113, 115, 116, 120, 121, 122, 123, 124, 125, 126, 128, 129, 130, 131, 132, 133, 134, 136, 137, 138, 139, 140, 142, 143, 144, 145, 146, 147, 148, 149, 150, 151, 152, 153, 154]

SUBRUNs to be CUT due to holes = [13, 14, 40, 42, 43, 60, 74, 86, 93, 96, 100, 112, 146, 151, 152, 153]

SUBRUNs to be CUT due to packets shift = [2, 119]

SUBRUNs GOOD (decode) = [3, 5, 6, 7, 8, 10, 11, 12, 15, 16, 17, 18, 19, 20, 21, 22, 23, 24, 25, 26, 27, 29, 30, 31, 33, 34, 35, 36, 37, 38, 39, 41, 45, 46, 49, 55, 56, 57, 58, 61, 62, 63, 64, 65, 66, 67, 68, 69, 70, 71, 72, 73, 75, 76, 77, 78, 79, 80, 82, 84, 85, 87, 88, 89, 90, 91, 92, 94, 95, 98, 99, 101, 103, 104, 106, 108, 109, 110, 111, 113, 115, 116, 120, 121, 122, 123, 124, 125, 126, 128, 129, 130, 131, 132, 133, 134, 136, 137, 138, 139, 140, 142, 143, 144, 145, 147, 148, 149, 150, 154]

SUBRUNs GOOD (event)  = [3, 5, 6, 7, 8, 10, 11, 12, 15, 16, 17, 18, 19, 20, 21, 22, 23, 24, 25, 26, 27, 29, 30, 31, 33, 34, 35, 36, 37, 38, 39, 41, 45, 46, 49, 55, 56, 57, 58, 61, 62, 63, 64, 65, 66, 67, 68, 69, 70, 71, 72, 73, 75, 76, 77, 78, 79, 80, 82, 84, 85, 87, 88, 89, 90, 91, 92, 94, 95, 98, 99, 101, 103, 106, 108, 109, 110, 111, 113, 115, 116, 120, 121, 122, 123, 124, 125, 126, 128, 129, 130, 131, 132, 133, 134, 136, 137, 138, 139, 140, 142, 143, 144, 145, 147, 148, 149, 150, 154]

SUBRUNs HOLES (event)  = [9, 13, 14, 40, 42, 43, 47, 60, 74, 83, 86, 93, 96, 100, 107, 112, 117, 119, 127, 146, 151, 152, 153]

SUBRUNs LOW EVENTS (event)  = [104, 114, 141]

SUBRUNs L1TS (event)  = [2]

Difference between GOOD RUNS for Decode and Event: [104]

GOOD RUNS present in Decode but not in Event: [104]

GOOD RUNS present in Event but not in Decode: []

